(0, -17.986206896551675, -0.17986206896551676)
(1, -17.98333333333289, -0.3578967816091905)
(2, -18.094117647058763, -0.5352589902636862)
(3, -21.675637393767644, -0.7466627742987257)
(4, -17.966666666666583, -0.9188628132224044)
(5, -17.87006802721082, -1.0883748653622884)
(6, -22.206918238993683, -1.2995602990986024)
(7, -17.980669144981274, -1.466371387557429)
(8, -26.342857142857135, -1.715136245110426)
(9, -18.0941176470586, -1.8789260591299075)
(10, -29.813432835821104, -2.1582711268968193)
(11, -23.97588424437294, -2.3764472580715807)
(12, -18.031182795698896, -2.532994613447854)
(13, -18.019760479041857, -2.6878622721037937)
(14, -18.012648221343465, -2.8411101315961904)
(15, -19.585906040268355, -3.008558090682912)
(16, -17.88793774319037, -3.157351887207987)
(17, -18.022580645160996, -3.306004174787517)
(18, -17.837931034482608, -3.4513234433844677)
(19, -24.16783216783226, -3.6584885306289454)
(20, -18.049295774647536, -3.8023966030691314)
(21, -26.683870967742084, -4.031211346715861)
(22, -17.861484098939897, -4.169514074238101)
(23, -26.716184971098293, -4.394980783206703)
(24, -18.058646616540944, -4.531617441540045)
(25, -22.279439252336374, -4.709095659648008)
(26, -17.96618705035944, -4.8416665735551225)
(27, -17.949809885931273, -4.972748006678883)
(28, -18.05454545454523, -5.103565981157547)
(29, -26.081268011527445, -5.313343001461246)
(30, -17.913043478260697, -5.439340006229241)
(31, -23.172549019607814, -5.616672096363026)
(32, -17.96357615894031, -5.740141136988799)
(33, -18.08571428571408, -5.863596868476052)
(34, -17.95384615384588, -5.984499361329751)
(35, -17.949809885931295, -6.1041524665757665)
(36, -17.95641025641006, -6.2226750444741095)
(37, -24.613559322033854, -6.406583887249707)
(38, -18.08985507246367, -6.5234165991018465)
(39, -17.810299003322186, -6.63628542314405)
(40, -18.063576158940293, -6.750558330502011)
(41, -18.05501730103802, -6.863602920207372)
(42, -8.899809885931322, -6.883964989864611)
(43, 21.84369747899131, -6.5966883651760515)
(44, -24.253820598006477, -6.773259687504356)
(45, -17.87254901960778, -6.88425258082539)
(46, -17.96927899686511, -6.995102844985786)
(47, -18.06666666666657, -7.105818483202594)
(48, -17.9758842443729, -7.214519140814296)
(49, -17.975884244372914, -7.322132791849882)
(50, -17.96319702602202, -7.428543434191604)
(51, -18.02857142857108, -7.534543714135399)
(52, -18.0072992700729, -7.639271269694774)
(53, 10.533466135458083, -7.457543895643245)
(54, -17.97142857142846, -7.562682742401098)
(55, -18.03843416370073, -7.6674402566140945)
(56, -17.954054054053948, -7.770306394588493)
(57, -18.062595419847213, -7.873229284841081)
(58, -18.021052631578875, -7.974707518308459)
(59, -18.00684931506825, -8.075028936276057)
(60, -22.063636363636295, -8.21491501054966)
(61, -22.985459940652746, -8.36262045985069)
(62, -17.95087719298232, -8.458503027182006)
(63, -22.349999999999966, -8.597417996910186)
(64, -17.993632958801236, -8.691380146529097)
(65, -17.96666666666653, -8.784133011730471)
(66, -20.004075235109624, -8.896332433964263)
(67, -18.015807560137176, -8.987527185225991)
(68, -17.96062717770028, -9.077258185150733)
(69, -18.063576158940315, -9.16712136488863)
(70, -18.072789115646174, -9.256178042396204)
(71, -17.8333333333331, -9.341949595305573)
(72, -17.895053003533423, -9.427480629387851)
(73, -17.931914893616813, -9.51252497203014)
(74, -18.047328244274617, -9.597873004752586)
(75, -17.852091254752676, -9.680415187252587)
(76, -17.87943925233627, -9.762405427903424)
(77, -17.892929292929068, -9.84371066655368)
(78, -17.97142857142835, -9.924987845602425)
(79, -17.97366771159868, -10.005474644262387)
(80, -18.05394321766557, -10.085959329996419)
(81, 11.957575757575375, -9.8655239791207)
(82, -18.163576158940273, -9.948504500918897)
(83, -18.066903914590487, -10.029688495055613)
(84, -17.87449664429527, -10.10813657654801)
(85, -18.016393442622743, -10.187219145208756)
(86, -17.92764505119433, -10.264623404268612)
(87, -17.85787545787508, -10.340555924804677)
(88, -17.885906040268438, -10.416009425959315)
(89, -17.920289855072145, -10.491052230250444)
(90, -17.973426573426508, -10.565875973682205)
(91, -19.452802359881964, -10.654745237544201)
(92, -17.952380952380942, -10.727721594692568)
(93, -17.97692307692285, -10.80021360951487)
(94, -18.031249999999417, -10.872523973419716)
(95, -17.978014184396933, -10.943578875529488)
(96, 11.105220883534182, -10.723090877938851)
(97, -17.90996884735197, -10.794959657632981)
(98, -18.02862190812696, -10.867296280137921)
(99, -17.90293040293018, -10.937652621365844)
(100, 14.330795847751178, -10.684968136674673)
(101, -17.9606271777003, -10.757724727084929)
(102, -18.088475836430973, -10.831032238178388)
(103, -17.956756756756583, -10.902289483364168)
(104, -16.71363636363605, -10.960402952166888)
(105, -21.060450160771676, -11.061403424252935)
(106, -17.99999999999993, -11.130789390010406)
(107, -17.924908424908118, -11.198730580359383)
(108, -31.42258064516174, -11.400969081007407)
(109, -17.934661354581383, -11.466306003743147)
(110, -18.032876712328644, -11.531971710829003)
(111, -18.030201342281647, -11.596954007143529)
(112, -17.876306620208865, -11.659747533274182)
(113, -17.921052631578537, -11.722360584257224)
(114, -17.83020134228172, -11.78343899183747)
(115, -17.921712538226238, -11.844821727301357)
(116, -18.08793774319037, -11.907252887460247)
(117, -18.019188191881643, -11.968372240504461)
(118, -18.093399339933832, -12.029622511498754)
(119, -27.222580645161443, -12.18155209283538)
(120, -17.9927392739273, -12.239663964646299)
(121, 13.702681992336997, -11.980240505076464)
(122, -18.030769230769405, -12.040745792333395)
(123, -18.052631578947093, -12.100864650199533)
(124, -18.06357615894033, -12.160491765286942)
(125, -17.846953405017757, -12.217356381684251)
(126, -6.811484098939661, -12.163297658856806)
(127, 10.519379844961305, -11.936470883818624)
(128, -18.045454545454422, -11.997560720434983)
(129, -17.988039867109514, -12.057465511901729)
(130, -17.98434163701044, -12.116734273152815)
(131, -18.075432525951385, -12.1763212556808)
(132, -17.9714285714284, -12.234272328838278)
(133, -18.02622950819657, -12.29219190063186)
(134, -14.697540983606297, -12.316245391461605)
(135, -17.988039867109418, -12.372963336218081)
(136, -16.258812260536132, -12.411821825461262)
(137, -17.903244837758024, -12.46673605558423)
(138, -18.035640138408112, -12.52242509641247)
(139, -18.057664233576368, -12.577777487784108)
(140, 9.329411764705684, -12.35870559525921)
(141, -17.866666666666497, -12.413785205973282)
(142, -18.04335664335631, -12.470080920347113)
(143, -17.971428571428433, -12.525094396857927)
(144, -18.054744525547278, -12.58039089814482)
(145, -18.04831460674151, -12.635070135230787)
(146, -17.999261992619708, -12.688712053804677)
(147, -18.093617021276312, -12.742761103479394)
(148, -18.0520912547526, -12.795854404992127)
(149, -18.0557377049179, -12.848453237991386)
(150, -18.087937743190427, -12.900848083043375)
(151, -17.938834951456176, -12.951227951727503)
(152, -17.980495356037085, -13.001520625770599)
(153, -17.9214046822741, -13.050719466335634)
(154, -18.069064748201182, -13.100902919154288)
(155, -18.020224719100927, -13.150096137153755)
(156, -18.072789115646074, -13.199323066938678)
(157, 12.119379844960894, -12.946136037819683)
(158, -17.987725631768694, -12.996551933759172)
(159, -17.90851735015756, -13.045671587923156)
(160, -18.076923076922924, -13.095984102813153)
(161, -18.021052631578748, -13.14523478810081)
(162, -17.924908424908118, -13.193031524468882)
(163, -18.04890965732079, -13.2415903057974)
(164, -17.815189873417633, -13.287326301473604)
(165, 12.17037037037018, -13.032749334755167)
(166, -17.928985507246352, -13.081711696480077)
(167, -18.055555555555305, -13.13145013507083)
(168, -18.013559322033654, -13.180271226940459)
(169, -18.048909657320813, -13.228957611244262)
(170, 12.503952569169401, -12.971628509440125)
(171, -18.07849462365568, -13.02269717058228)
(172, -17.970068027210722, -13.072170879148564)
(173, -18.029268292682676, -13.121741853283904)
(174, -17.92758620689637, -13.169800296820029)
(175, -18.057706093189864, -13.218679354783728)
(176, -18.038951310861172, -13.266882074344501)
(177, -18.037918215613185, -13.314592435757188)
(178, -17.88452012383878, -13.360291712638004)
(179, -17.979104477611877, -13.406479840287743)
(180, -17.999369085173335, -13.452408732736599)
(181, -17.99434628975238, -13.497828108306757)
(182, -18.0079037800685, -13.542928865024374)
(183, -17.91107266435937, -13.586610303017723)
(184, -18.033085501858462, -13.63107505500613)
(185, 11.116129032257847, -13.383603014133492)
(186, -18.028621908126965, -13.430053203073426)
(187, -17.899369085173408, -13.474746361894425)
(188, -20.136601307189483, -13.541364911347376)
(189, -17.958441558441358, -13.585535677818315)
(190, -17.960450160771632, -13.629284822647849)
(191, -18.02329317269066, -13.673224906148278)
(192, -17.95231788079462, -13.71601583589474)
(193, 21.74285714285668, -13.361427106107227)
(194, -18.24785276073613, -13.410291362653517)
(195, -17.999999999999968, -13.456188449026982)
(196, -10.857348242811295, -13.430200046964826)
(197, 9.161565836298978, -13.204282388132187)
(198, -13.607664233576406, -13.208316206586629)
(199, -17.90338983050827, -13.255266942825845)
(200, -17.958730158730035, -13.302301574984886)
(201, -18.078947368420913, -13.350068032919246)
(202, -17.980952380952225, -13.396376876399577)
(203, -17.977076411960002, -13.44218387175518)
(204, 11.196969696968806, -13.19579233606794)
(205, 15.03333333333213, -12.913501079373939)
(206, -18.002236421725026, -12.964388432797449)
(207, -17.969930069929823, -13.014443849168773)
(208, -17.938871473354034, -13.063688125410627)
(209, -17.840614334470747, -13.111457387501227)
(210, 27.322097378276304, -12.707121839843452)
(211, 8.575438596491116, -12.494296235480107)
(212, 12.077419354838401, -12.248579079576922)
(213, -18.092079207920616, -12.307014080860359)
(214, 34.036781609194364, -11.843576123959812)
(215, -18.042857142856917, -11.905568934148784)
(216, -17.9135888501741, -11.965649133309036)
(217, 9.029411764705753, -11.755698524328889)
(218, -18.09862542955352, -11.819127793381135)
(219, -12.581182795699046, -11.826748343404315)
(220, 15.635772357723184, -11.55212313639304)
(221, 9.841605839416168, -11.33818584663495)
(222, -18.09926199262014, -11.405796608094802)
(223, 9.81886792452822, -11.193549962768572)
(224, -17.930201342281634, -11.260916476563702)
(225, -18.097833935017803, -11.329285651148243)
(226, -17.821404682274007, -11.394206841459502)
(227, 10.287889273356363, -11.177385880311343)
(228, 12.110144927535819, -10.944510572232872)
(229, 15.366666666665258, -10.68139879984389)
(230, -18.06927899686551, -10.755277601814106)
(231, -18.002564102563905, -10.827750466821604)
(232, -18.028985507246357, -10.89976281722585)
(233, -17.94052287581677, -10.97017041781176)
(234, -5.516666666666413, -10.915635380300307)
(235, -18.093399339933764, -10.98741301989664)
(236, -17.93630573248386, -11.056901947022514)
(237, -17.93093093093077, -11.125642236861596)
(238, -17.948951048950878, -11.19387532498249)
(239, -17.833333333333126, -11.260269905065995)
(240, -17.92432432432415, -11.326910449258577)
(241, -18.047540983606385, -11.394116754602054)
(242, -18.083870967741817, -11.461014296733453)
(243, -18.054676258992945, -11.526950916356046)
(244, -17.97796610169485, -11.591461068209433)
(245, -18.031506849314837, -11.655861526020487)
(246, -18.071428571428516, -11.720017196474569)
(247, 11.374074074073702, -11.489076283769087)
(248, 16.493749999999757, -11.2092480209314)
(249, -18.00851735015751, -11.27724071422366)
(250, -18.09936908517326, -11.345461997933157)
(251, -3.635815602836643, -11.268365533982193)
(252, 10.774708171206127, -11.04793479693031)
(253, -18.060942760942577, -11.118064876570433)
(254, -17.987725631768694, -11.186761484122414)
(255, -18.058064516128823, -11.25547451444248)
(256, -18.03291925465826, -11.323248961844635)
(257, -18.031399317405985, -11.390330465400249)
(258, 11.77096774193499, -11.158717483326896)
(259, 11.555052264808, -10.931579785845546)
(260, -17.974999999999785, -11.00201398798709)
(261, 13.114184397162662, -10.760852004135591)
(262, -18.05733788395896, -10.833816862933825)
(263, -18.06077738515932, -10.90608646815608)
(264, -17.999999999999655, -10.977025603474514)
(265, -18.075080906148646, -11.048006156501256)
(266, -17.830434782608624, -11.115830442762329)
(267, -22.298507462686484, -11.227657212961569)
(268, 8.671698113207654, -11.028663659699877)
(269, 16.238805970148846, -10.75598896340139)
(270, 10.32352941176458, -10.545193779649729)
(271, 11.328352490421194, -10.32645831694902)
(272, 10.97037037036989, -10.11349003007583)
(273, 11.455670103092512, -9.897798428744148)
(274, -18.013559322033654, -9.978956037677042)
(275, -18.07687074829913, -10.059935184783264)
(276, -18.08609271523157, -10.140196760087745)
(277, 14.016858237547357, -9.898626210111395)
(278, -18.068852459016266, -9.980328472600444)
(279, 10.559259259259017, -9.77493259528185)
(280, 10.609252669038518, -9.571090742638646)
(281, -18.076923076923475, -9.656149065981493)
(282, -18.006849315068603, -9.739656068472366)
(283, -18.079365079364997, -9.823053158581292)
(284, 19.368441064637853, -9.5311382163491)
(285, 8.27222222222235, -9.353104611963387)
(286, 12.298113207546795, -9.136592433768284)
(287, -18.061971830985726, -9.225846227740458)
(288, 12.72307692307645, -9.006356996232288)
(289, -25.769278996865204, -9.173986216238617)
(290, -17.981789137380023, -9.26206424545003)
(291, 10.4847328244273, -9.064596274751256)
(292, -17.9163398692809, -9.153113710696553)
(293, 9.259385665528615, -8.968988716934302)
(294, -17.837724550897985, -9.057676075273939)
(295, -17.918100890207498, -9.146280323423275)
(296, -17.98717948717925, -9.234689315060834)
(297, -9.327018633540272, -9.235612608245628)
(298, -18.013559322033654, -9.323392075383508)
(299, -17.98049535603694, -9.409963108190041)
(300, -5.786936936936731, -9.373732846477507)
(301, -18.062295081967335, -9.460618468832406)
(302, 15.155555555555223, -9.21445672858853)
(303, 8.802564102563903, -9.034286520277005)
(304, -17.961341853035073, -9.123557073604587)
(305, 27.934309623430124, -8.75297840663424)
(306, -26.463576158940377, -8.9300843841573)
(307, 10.260956175298688, -8.738173978562742)
(308, -18.07272727272719, -8.831519511504386)
(309, -17.97153024911021, -8.922919618880444)
(310, 8.369230769230585, -8.749998114999332)
(311, 11.838028169013704, -8.544117852159204)
(312, -18.044585987260973, -8.639122533510221)
(313, -17.923021582733718, -8.731961524002456)
(314, 8.517263843648115, -8.55946927032595)
(315, 12.020664206641793, -8.353667935556274)
(316, 12.376706827309166, -8.14636418792762)
(317, -17.95714285714275, -8.244471974619772)
(318, 12.788888888888492, -8.03413836598469)
(319, 16.464788732393835, -7.789149095000905)
(320, -17.912052117263713, -7.890378125223533)
(321, 9.446416382252192, -7.717010180148775)
(322, -17.95844155844135, -7.819424493931701)
(323, 10.092651757188165, -7.640303731420502)
(324, 12.730036630036485, -7.436600327805932)
(325, -17.897297297297403, -7.541207297500847)
(326, -17.933333333333064, -7.645128557859169)
(327, 12.425095057034078, -7.444426321710237)
(328, -18.05755395683449, -7.55055759806148)
(329, 8.35454545454551, -7.3915065675354095)
(330, 8.745390070921763, -7.230137601150838)
(331, 9.400630914826056, -7.063829915991069)
(332, 15.342857142856735, -6.839763045402591)
(333, -18.082352941176403, -6.952188944360329)
(334, -18.096699669966885, -7.063634051616395)
(335, 43.1201465201454, -6.561796245898777)
(336, 12.466666666666605, -6.371511616773123)
(337, -18.02531645569607, -6.488049665162352)
(338, -18.01724137931023, -6.603341582303831)
(339, 23.80289855072403, -6.299279180973553)
(340, 16.642857142856563, -6.069857817735252)
(341, -18.019335347431827, -6.1893525930322175)
(342, -18.084848484848308, -6.308307551950379)
(343, -10.965189873417723, -6.354876375165052)
(344, -18.047517730496853, -6.47180278871837)
(345, 8.6335664335664, -6.320749096495522)
(346, 8.291482649842411, -6.174626779032143)
(347, 16.37588652482207, -5.9491216459936)
(348, 16.562068965516783, -5.724009739878496)
(349, 9.706211180124006, -5.56970753067847)
(350, -18.00996884735214, -5.694110143845206)
(351, -18.05384615384605, -5.817707503945214)
(352, 27.72066420664175, -5.482323786839344)
(353, 17.447826086956184, -5.253022288101389)
(354, -18.055149501661056, -5.381043560236985)
(355, -18.08829431438112, -5.508116067778427)
(356, 16.342465753424012, -5.289610249566402)
(357, 10.003773584905602, -5.136676411221682)
(358, -17.911864406779536, -5.264428291177261)
(359, -18.038961038960903, -5.392173618655097)
(360, 19.617391304347546, -5.1420779694250704)
(361, -9.732608695652262, -5.187983276687342)
(362, 12.471223021582649, -5.011391213704642)
(363, -18.00273972602731, -5.141304698827869)
(364, 25.307067137808296, -4.836820980461508)
(365, -15.418852459016295, -4.942641295247055)
(366, 12.997297297297132, -4.763241909321613)
(367, -18.091803278688424, -4.896527523015282)
(368, 27.306249999999707, -4.574499747785131)
(369, 19.857142857142513, -4.330183321735855)
(370, -18.04680851063816, -4.467349573624878)
(371, -18.007903780068503, -4.602755115689314)
(372, 17.50925266903849, -4.381635037842036)
(373, 12.990476190475638, -4.20791392555886)
(374, 24.136802973977012, -3.9244667565635014)
(375, -18.072222222222102, -4.065944311220088)
(376, -5.758185053380866, -4.082866718641696)
(377, -18.029629629629632, -4.222334347751575)
(378, 15.738888888888765, -4.0227221153851715)
(379, -17.984039087947785, -4.162335285110798)
(380, 17.035772357723175, -3.9503542086824583)
(381, -18.031468531468423, -4.091165351910318)
(382, -18.079591836734526, -4.23104961675856)
(383, 25.42499999999952, -3.934489120590979)
(384, -13.085294117646827, -4.025997170561538)
(385, -18.05132743362825, -4.166250473192204)
(386, -18.023076923076946, -4.304818737691052)
(387, -18.011594202898483, -4.4418864923431265)
(388, 19.674377224198757, -4.200723855177708)
(389, -17.92589928057543, -4.337975609431685)
(390, 30.278277153557248, -3.9918130818017956)
(391, 15.657142857142318, -3.7953235224123545)
(392, -18.007348242811272, -3.9374437696163436)
(393, -17.9427672955974, -4.077497004876154)
(394, 19.906060606060176, -3.8376614287667907)
(395, -18.091304347826014, -3.980197857957383)
(396, -18.068421052631553, -4.121080089904124)
(397, -17.905555555555427, -4.258924844560637)
(398, 17.644525547444925, -4.039890340640581)
(399, 16.224489795917904, -3.8372465392749966)
(400, 10.76153846153842, -3.6912586892668626)
(401, 19.398113207546896, -3.460364970298725)
(402, -18.060465116278895, -3.606365971758527)
(403, 9.556603773584788, -3.4747362743050934)
(404, 9.20066889632108, -3.3479822225988314)
(405, 8.15838926174512, -3.2329185077553917)
(406, 9.874766355140128, -3.1018416591264364)
(407, 9.608474576271178, -2.97473849677246)
(408, 16.355052264807888, -2.7814405891566563)
(409, 9.361128526645698, -2.6600148979986327)
(410, 13.323076923076416, -2.500183979787882)
(411, 9.567224080267314, -2.37950989918733)
(412, 24.508474576270714, -2.11063005443275)
(413, 14.713017751479045, -1.9423935763736317)
(414, -17.95030674846605, -2.102472708094556)
(415, 14.128571428570892, -1.9401622667279017)
(416, -18.05479452054783, -2.1013085892661008)
(417, -18.021052631578858, -2.2605060296892283)
(418, 9.709665427509227, -2.1408043151172436)
(419, 20.202090592334088, -1.9173753660427302)
(420, 22.852471482889193, -1.6696768975534109)
(421, -17.90675241157579, -1.8320476526936347)
(422, 14.844982698961253, -1.6652773491770856)
(423, 8.877813504822793, -1.5598464406370867)
(424, 15.53642384105917, -1.388883737820124)
(425, 41.59124087591192, -0.9590824916828034)
(426, -18.05460992907793, -1.1300377660567547)
(427, 24.5911877394632, -0.872825511001555)
(428, 9.606060606060293, -0.7680366498309366)
(429, 18.597411003235763, -0.5743821733002695)
(430, 13.971062271061781, -0.428927728856649)
(431, -18.074999999999772, -0.6053884515680802)
(432, -17.93333333333319, -0.7786679003857313)
(433, 15.444525547444847, -0.6164359659074254)
(434, 16.112781954886984, -0.44914378669948135)
(435, 16.040579710144428, -0.2842465517310423)
(436, -17.912811387900234, -0.4605322000927342)
(437, 14.56356589147242, -0.3102912191770827)
(438, -5.840163934426518, -0.36558994632957703)
(439, 15.001408450703817, -0.2119199623592431)
(440, 28.273770491802935, 0.0729369421823787)
(441, 14.70256410256358, 0.2192332137861907)
(442, 15.691814946618674, 0.37395903111451556)
(443, 14.586440677965639, 0.5160838475830267)
(444, 15.905653710246868, 0.6699795462096652)
(445, 14.616666666666116, 0.8094464174142297)
(446, 10.646056782333996, 0.9078125210634275)
(447, -17.982445141065707, 0.7189099444421361)
(448, -18.00860927152304, 0.5316347522824844)
(449, 22.771698113206966, 0.7540353858917292)
(450, -18.080392156862576, 0.5656911104641862)
(451, 9.709665427509188, 0.6571308536346362)
(452, 18.81612903225785, 0.8387208354208684)
(453, -17.97037037037027, 0.650629923362957)
(454, 15.225850340135604, 0.7963821275306835)
(455, 21.444107744107246, 1.0028593836964492)
(456, 23.628522336769564, 1.2291160132271803)
(457, -18.097359735973523, 1.0358512557351733)
(458, 12.883850931676726, 1.1543312524945888)
(459, 17.25647840531479, 1.3153527240227907)
(460, -17.953020134227994, 1.1226689954402829)
(461, -18.09580838323339, 0.930484221653546)
(462, 11.20983606557332, 1.0332777400927438)
(463, 16.21639344262266, 1.185108897118043)
(464, 11.863398692809831, 1.2918917950749609)
(465, 56.03782771535771, 1.8393511542777885)
(466, 8.780487804877863, 1.9087625207837893)
(467, 35.77165991902785, 2.24739149476623)
(468, -17.924999999999795, 2.04566757981857)
(469, -17.968965517241248, 1.8455212488479718)
(470, 16.26575875486336, 1.9897236239081255)
(471, 26.216129032257633, 2.231987677991621)
(472, 12.456834532373751, 2.334236146535442)
(473, 18.638888888888637, 2.497282673958974)
(474, -18.02671009771976, 2.292042746242187)
(475, 8.079754601227023, 2.349919864792035)
(476, 10.293081761006182, 2.4293514837541763)
(477, 21.641064638782836, 2.621468615304463)
(478, 10.20379746835436, 2.6972919038349623)
(479, -17.91052631578933, 2.4912137216387196)
(480, 15.631970260222595, 2.6226212870245584)
(481, 15.836391437308425, 2.754758988527397)
(482, 22.756834532373816, 2.954779743965861)
(483, 17.382051282050956, 3.099052459346712)
(484, -17.95770609318984, 2.888484873821347)
(485, 22.83356643356619, 3.0879356894187953)
(486, 17.916901408450364, 3.236225346609111)
(487, 10.940350877192907, 3.3132666019149486)
(488, 8.800000000000006, 3.3681339358957993)
(489, 20.960073260072775, 3.544053329137569)
(490, 27.757943925233292, 3.786192235098526)
(491, 15.963157894736574, 3.9079618916949066)
(492, 25.04912280701722, 4.11937350084813)
(493, 23.564516129032, 4.313824927129968)
(494, 9.016901408450522, 4.360855691943174)
(495, -18.08924731182783, 4.136354661905464)
(496, 11.938709677419203, 4.214378212060601)
(497, 10.608429118773813, 4.278318721127733)
(498, -17.977591036414378, 4.055759623552312)
(499, -17.911864406779536, 3.836083383248994)
(500, 22.498069498069007, 4.022703244397194)
(501, -17.926315789473556, 3.803213054058486)
(502, 50.06666666666558, 4.265847590184557)
(503, 19.34594594594551, 4.416648573742167)
(504, 25.025605536331568, 4.622738143368061)
(505, 15.424137931034117, 4.730752141244722)
(506, 15.89999999999987, 4.842444619832274)
(507, 41.777551020407614, 5.2117956838380275)
(508, -18.064310954063483, 4.979034617459012)
(509, 16.230303030302803, 5.09154730158745)
(510, 17.295522388059155, 5.2135870524521675)
(511, -18.0264604810995, 4.981186577116651)
(512, 25.076061776061394, 5.182135329106098)
(513, -17.999999999999996, 4.950313975815037)
(514, 29.971698113207047, 5.2005278171889575)
(515, 15.11496598639438, 5.299672198881012)
(516, 41.469841269840686, 5.6613738895906085)
(517, -17.946006389776265, 5.42530008679694)
(518, 20.678260869565044, 5.577829694624621)
(519, -18.007903780068844, 5.341972359877687)
(520, -17.998360655737546, 5.108569029721534)
(521, 31.004946996465968, 5.367532809388978)
(522, 20.380442804427844, 5.517661909339366)
(523, 30.584386617099845, 5.7683291564169705)
(524, 12.091482649841879, 5.8315606913512195)
(525, 26.07859531772521, 6.034031037614959)
(526, 26.65505226480775, 6.240241249886886)
(527, -17.93333333333324, 5.998505504054685)
(528, 9.076190476190373, 6.0292823537760425)
(529, 23.04545454545387, 6.199444075692821)
(530, -18.042953020134114, 5.957020104734552)
(531, 17.661290322580413, 6.07406280691301)
(532, 8.296350364963416, 6.096285682493514)
(533, 21.74006734006686, 6.252723499069248)
(534, 13.847230320699541, 6.3286685672855505)
(535, 20.230627306272705, 6.467688154675422)
(536, 11.69127516778498, 6.519924024806517)
(537, 15.959154929577094, 6.614316333854223)
(538, 12.292215568861959, 6.6710953262043)
(539, -18.061290322580504, 6.423771469716452)
(540, 43.111764705881605, 6.790651402078103)
(541, 48.035540069685425, 7.203100288754176)
(542, -17.952287581699228, 6.951546410049642)
(543, 56.09571984435806, 7.442988144392726)
(544, 18.224115755626585, 7.550799420505065)
(545, 12.62296072507516, 7.601521033550766)
(546, 16.35971223021549, 7.689102945517413)
(547, 9.297260273972586, 7.705184518801965)
(548, 18.571014492753413, 7.813842818541479)
(549, 9.121299638989159, 7.826917386745956)
(550, 31.50689655172355, 8.063717178395732)
(551, 11.469841269841112, 8.097778419310186)
(552, 26.71428571428504, 8.283943492259935)
(553, 17.979211469533787, 8.380896172032674)
(554, 30.344982698961537, 8.600537037301962)
(555, 24.464948453607832, 8.75918115146502)
(556, 14.64035087719267, 8.817992848722296)
(557, 19.37986577181188, 8.923611577953192)
(558, 12.480132450330885, 8.95917678667697)
(559, 27.728571428570895, 9.14687073309591)
(560, 14.067441860464655, 9.196076444369597)
(561, -17.99867549668864, 8.924128924959014)
(562, 35.206382978722885, 9.186951465496652)
(563, 10.57459283387607, 9.200827879180446)
(564, 21.162081784386277, 9.320440418232504)
(565, 30.419753086419142, 9.531433544914371)
(566, 24.964948453607683, 9.685768694001304)
(567, 34.58955223880541, 9.934806529449345)
(568, 8.230030030030054, 9.91775876445515)
(569, 56.027450980395, 10.37885568661455)
(570, 19.368493150684483, 10.468752061255248)
(571, 32.859073359072944, 10.692655274233426)
(572, 13.866666666666298, 10.724395388157754)
(573, 14.697069597068992, 10.764122130246868)
(574, 21.48925081433182, 10.871373417087717)
(575, 37.71565836298907, 11.139816266546731)
(576, 26.87222222222183, 11.29714032610348)
(577, 16.84912891986044, 11.35266021204105)
(578, 25.60137457044617, 11.4951473556251)
(579, 32.91409395973126, 11.709336821666161)
(580, 36.14548494983213, 11.95369830294782)
(581, 20.038783269961655, 12.03454915261796)
(582, 28.216129032257683, 12.196364951414356)
(583, 31.360073260072795, 12.388002034500941)
(584, 11.074592833875961, 12.374867942494692)
(585, 22.667123287670748, 12.477790495946453)
(586, 27.810344827585716, 12.631116039262844)
(587, 16.240540540540326, 12.667210284275619)
(588, 9.27986577181208, 12.633336839150983)
(589, 20.60424028268515, 12.713045873586324)
(590, 51.766435986158534, 13.103579774712047)
(591, 30.898113207546743, 13.281525109040395)
(592, 34.22807017543799, 13.49099055970437)
(593, -18.094389438943857, 13.175136759717889)
(594, 22.538028169013785, 13.268765673810847)
(595, 10.678048780487675, 13.242858504877615)
(596, 14.495774647887046, 13.255387666307708)
(597, 29.766666666666225, 13.420500456311293)
(598, 30.545323741006754, 13.591748689158248)
(599, 20.8740740740735, 13.6645719430074)
(600, 10.1920634920632, 13.629846858497958)
(601, 10.92439024390203, 13.602792292352)
(602, 18.692057761732336, 13.653684947045804)
(603, 20.291503267973365, 13.72006313025508)
(604, -17.991222570532855, 13.4029502732472)
(605, 27.29741100323576, 13.541894880547085)
(606, 9.071428571428566, 13.4971902174559)
(607, 22.781818181817755, 13.590036497099518)
(608, -18.077695167286176, 13.273359180455662)
(609, 22.732835820895218, 13.367953946860057)
(610, 15.599290780141539, 13.390267315192872)
(611, 13.760992907801318, 13.393974571118957)
(612, 14.478134110787067, 13.404816166515637)
(613, 22.828571428570918, 13.49905371913619)
(614, 16.847619047618835, 13.532539372421017)
(615, 56.08507462686744, 13.95806472496548)
(616, 56.00622837370217, 14.378546361452846)
(617, 17.055555555555213, 14.40531645339387)
(618, 23.320477815699277, 14.494468067016923)
(619, -18.078947368420874, 14.168733912662544)
(620, 25.51418439716265, 14.282188417507545)
(621, 20.984210526315216, 14.349208638595622)
(622, 50.79700374531803, 14.713686589662846)
(623, 13.527118644067324, 14.70182091020689)
(624, 25.407189542482996, 14.808874596529652)
(625, 13.428522336769241, 14.795071073932048)
(626, 35.358208955223475, 15.000702452744962)
(627, 31.140067340067013, 15.162096101618182)
(628, -18.046278317152034, 14.83001235743048)
(629, 56.060563380282346, 15.242317867658999)
(630, 20.400668896320678, 15.293901377945614)
(631, 20.120560747663102, 15.34216797164279)
(632, 16.933096085408568, 15.358077252780447)
(633, 27.24055944055916, 15.476902074658234)
(634, 20.201286173632766, 15.52414591564798)
(635, 22.238709677419074, 15.59129155326569)
(636, 27.42066420664166, 15.70958527979945)
(637, 38.81958041958003, 15.940685231197257)
(638, 19.947682119204785, 15.980755200077333)
(639, 56.078600823047864, 16.381733656307038)
(640, 29.607590759075357, 16.51399222733472)
(641, 23.049128919860316, 16.579343594259978)
(642, 22.7190476190474, 16.640740634507853)
(643, -18.091961414790923, 16.293413614014863)
(644, -18.035168195718573, 15.95012779591753)
(645, 62.56764705882779, 16.41630298854663)
(646, 25.093150684931096, 16.503071465510477)
(647, 24.807692307691894, 16.58611767393229)
(648, 50.95471698113125, 16.92980366700428)
(649, 21.84035087719263, 16.978909139106165)
(650, 56.06027397260337, 17.369722787441134)
(651, 30.17627118644031, 17.497788271431126)
(652, 35.2970037453178, 17.675780426169993)
(653, 34.1330960854089, 17.840353582762383)
(654, 31.16104868913822, 17.97356053382614)
(655, 38.98888888888834, 18.183713817376763)
(656, 37.06860841423859, 18.37256276334538)
(657, 14.122950819671905, 18.330066643908644)
(658, 26.074074074073657, 18.407506718210293)
(659, 20.106590257879287, 18.424497553606983)
(660, 10.783720930232393, 18.348089787373237)
(661, 35.92307692307647, 18.52383965873027)
(662, 26.19999999999915, 18.60060126214296)
(663, 30.198293515357854, 18.716578184675107)
(664, 27.53129251700625, 18.80472532799842)
(665, 27.978595317725308, 18.89646402789569)
(666, 36.74736842105218, 19.074973071827255)
(667, 40.033333333332855, 19.28455667444231)
(668, 32.886440677965716, 19.420575514477544)
(669, 48.1380952380947, 19.707750711713715)
(670, 25.716393442622653, 19.767837139022806)
(671, 15.620408163265008, 19.72636284926523)
(672, 25.99139072847654, 19.78901312805734)
(673, 27.971264367815884, 19.870835640454928)
(674, 56.03939393939612, 20.23252122344434)
(675, 40.88823529411711, 20.439078364151065)
(676, 34.632490974728775, 20.581012490256843)
(677, 56.09375000000449, 20.936139865354317)
(678, 16.731034482758464, 20.89408881152836)
(679, 40.805653710246816, 21.093204460515544)
(680, 17.641176470588064, 21.058684180616268)
(681, 19.541106719367054, 21.043508406003777)
(682, 12.175895765471688, 20.954832279598456)
(683, 19.424919093850693, 20.939533147740978)
(684, 33.775324675324214, 21.06789106301681)
(685, 24.46666666666618, 21.1018788190533)
(686, 52.537956204378816, 21.416239592906557)
(687, 32.20066445182694, 21.52408384149576)
(688, 18.719047619047323, 21.496033479271276)
(689, -17.948101265822714, 21.101592131820336)
(690, 56.075510204083116, 21.451331312542962)
(691, 53.535135135134986, 21.77216935076888)
(692, 35.65820895522344, 21.911029746813426)
(693, 56.07064846416668, 22.25262593398696)
(694, 32.255052264808, 22.35265019729517)
(695, 14.454545454544867, 22.273669149867665)
(696, 11.179738562091439, 22.1627298439899)
(697, 22.272204472842837, 22.16382459027843)
(698, 33.76870229007603, 22.279873367276405)
(699, 56.022448979591985, 22.61729912339956)
(700, 23.65894039735032, 22.62771553613907)
(701, 56.03959731543638, 22.961834353932044)
(702, 56.04683544303933, 23.292684364823117)
(703, 36.57184115523446, 23.425475932727228)
(704, 9.469230769230382, 23.28591348109226)
(705, 13.43188405797088, 23.187373186861045)
(706, 56.090712074305515, 23.51640657573549)
(707, 18.316393442622562, 23.46440644440436)
(708, 13.493081761005786, 23.364693197570375)
(709, 40.886440677965815, 23.53991067237433)
(710, 21.766666666666218, 23.52217823231725)
(711, 22.26334519572937, 23.50958990195137)
(712, -18.024812030075214, 23.094245882631103)
(713, 42.53093525179813, 23.288612776322772)
(714, 41.889552238805535, 23.4746221709476)
(715, 35.036912751677335, 23.5902450767549)
(716, 37.505653710246754, 23.729399163089816)
(717, 28.988888888888354, 23.7819940603478)
(718, 40.16603773584857, 23.945834497102805)
(719, 56.090909090911865, 24.267285243040895)
(720, 22.9052805280525, 24.25366519589101)
(721, 45.82517985611455, 24.469380342493245)
(722, 33.442599277977756, 24.55911253184809)
(723, 15.304761904761433, 24.466569025577225)
(724, 14.903773584905322, 24.370941071170506)
(725, 25.030721003134396, 24.377538870490145)
(726, 56.09681528662678, 24.69473163465151)
(727, 26.467123287670717, 24.712455551181705)
(728, 27.837800687284613, 24.743709002542733)
(729, 36.7120622568088, 24.863392535085392)
(730, 24.01196013288974, 24.854878211063433)
(731, 12.313907284767717, 24.729468501800476)
(732, 33.23783783783723, 24.814552195160843)
(733, 36.047368421052106, 24.926880357419755)
(734, 17.094267515923054, 24.84855422900479)
(735, 35.562815884475945, 24.9556968455595)
(736, 18.66116504854316, 24.892751527589336)
(737, 20.827450980391657, 24.85209852211736)
(738, 32.28458781361973, 24.92642341503238)
(739, 17.10588235294077, 24.848218004411464)
(740, 32.19999999999954, 24.921735824367346)
(741, 56.00000000000364, 25.23251846612371)
(742, 55.80204778156994, 25.53821375927817)
(743, 53.20777385159025, 25.81490936020129)
(744, 49.16874999999937, 26.04844776659927)
(745, 24.756716417910084, 26.03553045311238)
(746, 29.903973509933046, 26.074214883680586)
(747, 37.95703422053159, 26.193043077049097)
(748, 14.390273556230634, 26.075015381840913)
(749, 41.88591549295735, 26.233124382952077)
(750, 30.337201365187077, 26.274165152774426)
(751, 26.501374570446224, 26.276437246951144)
(752, 14.622155688622616, 26.159894431367857)
(753, 23.246607669616097, 26.130761563750337)
(754, 36.810652920961616, 26.23756047732245)
(755, 23.436912751677227, 26.209554000065996)
(756, 56.04444444444948, 26.50790290450983)
(757, 56.02117263843677, 26.8030356018491)
(758, 37.22198581560247, 26.907225103986633)
(759, 25.06306306306265, 26.888783483577395)
(760, 22.15520504731814, 26.841447699214804)
(761, 35.900358422938716, 26.932036806452043)
(762, 30.33780068728465, 26.96609444526037)
(763, 41.96979865771781, 27.116131487384944)
(764, 48.17084870848665, 27.32667865959596)
(765, 56.066666666670955, 27.614078539666707)
(766, 56.0255474452633, 27.898193228722672)
(767, 25.311960132889773, 27.872330897764343)
(768, 56.06615969581776, 28.154269185744877)
(769, 10.175075075074536, 27.974477244638173)
(770, 34.61492537313361, 28.04088172592313)
(771, 35.652482269502876, 28.116997731358925)
(772, 20.586440677965463, 28.04169216082499)
(773, 31.374074074073768, 28.075015979957477)
(774, 10.902970297029652, 27.9032955231282)
(775, 38.12369337979042, 28.00549950169482)
(776, 48.49999999999937, 28.210444506677867)
(777, 39.30158730158676, 28.321355934626954)
(778, 25.91282051282007, 28.297270580408885)
(779, 19.19324758842398, 28.206230350489037)
(780, 35.852380952380656, 28.282691856507952)
(781, 38.4999999999993, 28.38486493794287)
(782, 35.87532467532424, 28.45976953531668)
(783, 23.327044025156766, 28.40844228021508)
(784, 24.087539936101763, 28.365233256773944)
(785, 34.486411149825386, 28.426445035704457)
(786, 28.58120805369083, 28.427992665884318)
(787, 128.72426710098267, 29.430955410235303)
(788, 41.1857142857137, 29.548502998990088)
(789, 158.12777777779, 30.834295746778086)
(790, 55.35161290322534, 31.07946891834256)
(791, 42.04087591240814, 31.189082988283218)
(792, 56.02057877814744, 31.43739794618186)
(793, 45.3454545454539, 31.576478512174578)
(794, 56.097701149436176, 31.821690738547193)
(795, 22.749999999999304, 31.730973831161712)
(796, 42.26409266409211, 31.836305019491014)
(797, 29.886259541983996, 31.816804564715945)
(798, 56.07288135593393, 32.059365332628126)
(799, 56.01985559568058, 32.29897023525865)
(800, 32.366666666666305, 32.299647199572725)
(801, 56.05584415585696, 32.537209169135565)
(802, 27.912587412586696, 32.490962951570076)
(803, 25.101374570446247, 32.417067067758836)
(804, 17.084810126581644, 32.263744498347066)
(805, 56.086131386863315, 32.50196836723223)
(806, 56.014521452147946, 32.73709389808138)
(807, 56.02258064517213, 32.96994876555229)
(808, 56.09135802470087, 33.201162858143775)
(809, 271.45789473683493, 35.583730176930686)
(810, 31.48591549295731, 35.54275203009095)
(811, 52.52033898305038, 35.71252789962055)
(812, 32.739372822299124, 35.68279634884733)
(813, 40.09051094890449, 35.72687349484791)
(814, 45.79233449477299, 35.82752810484716)
(815, 38.917808219177736, 35.85843090599047)
(816, 37.84246575342431, 35.878271254464806)
(817, -17.9230769230771, 35.34025777268939)
(818, 24.23441295546538, 35.22919932451715)
(819, 244.80862068965934, 37.32499353816856)
(820, 56.06619217082202, 37.512405524495094)
(821, 56.07337461301418, 37.69801521538028)
(822, 143.75431654676584, 38.758578228694134)
(823, 25.190909090908676, 38.62290153731628)
(824, 41.45020576131623, 38.65117457955628)
(825, 56.03333333334567, 38.82499616709417)
(826, 23.634113712374123, 38.67308734254697)
(827, 31.309090909090244, 38.5994473782124)
(828, 19.287539936101677, 38.40632830379129)
(829, 36.628522336769414, 38.38855024412108)
(830, 296.02941176470426, 40.96495885932691)
(831, 56.07874564460175, 41.11609672717966)
(832, 56.09756097562578, 41.26591136966412)
(833, 36.4281690140839, 41.21753394610832)
(834, 56.000000000003666, 41.36535860664727)
(835, 25.052427184465678, 41.20222929242545)
(836, 56.07114093959743, 41.350918408897165)
(837, 56.091054313108, 41.49831976793927)
(838, 27.551090342678677, 41.358847473686666)
(839, 155.43780487805392, 42.49963704773034)
(840, 56.09534050179309, 42.63559408227097)
(841, 288.05263157894314, 45.08976445723769)
(842, 28.529411764705394, 44.92416093031237)
(843, 348.53945578230184, 47.96031387883227)
(844, 56.013868613153846, 48.040849426175484)
(845, 24.580132450330886, 47.80624225641704)
(846, 45.985440613026235, 47.78803423998313)
(847, 56.04982332156294, 47.87065213079894)
(848, 23.85405405405379, 47.63048615003149)
(849, 80.9648148148231, 47.963829436679404)
(850, 308.2272727272691, 50.5664638695853)
(851, 97.02060702876203, 51.03100530117706)
(852, 256.00498220640765, 53.08074507022937)
(853, 56.073817034701094, 53.11067578987409)
(854, 285.2857142857139, 55.432426174832486)
(855, 30.58028169014051, 55.183904729985564)
(856, 35.90825082508198, 54.99114819093653)
(857, 265.94313725490105, 57.10066808157617)
(858, 56.02718446602671, 57.08993324542067)
(859, 56.05686274511413, 57.079602540417596)
(860, 56.04754098360834, 57.0692819248495)
(861, 42.31143695014634, 56.92170347510247)
(862, 56.07719869706814, 56.91325842732212)
(863, 39.51065292096166, 56.73923237225851)
(864, 298.3709677419296, 59.155549725955225)
(865, 324.89999999999543, 61.81299422869562)
(866, 56.085074626868334, 61.75571503267735)
(867, 18.23344709897573, 61.320492353340335)
(868, 69.51548042706095, 61.40244223407754)
(869, 56.022222222231136, 61.34864003395908)
(870, 585.887412587373, 66.59402775949322)
(871, 56.0280757097795, 66.48836823899609)
(872, 56.0408450704265, 66.38389300731039)
(873, 56.0894736842112, 66.28094881407941)
(874, 56.09638554217659, 66.17910318136038)
(875, 25.554054054053772, 65.7728526900873)
(876, 362.89354838708806, 68.74405964705731)
(877, 45.3380952380947, 68.51000000296769)
(878, 56.041379310345036, 68.38531379604146)
(879, 570.0542372880943, 73.40200303096199)
(880, 616.8434782608339, 78.83641778326071)
(881, 56.08193979934674, 78.60887300342158)
(882, 342.9243243243131, 81.25202751663049)
(883, 287.5587859424872, 83.31509510088905)
(884, 641.4357388315656, 88.89630153819581)
(885, 658.8399267399013, 94.59573779021287)
(886, 314.76666666666165, 96.79744707897736)
(887, 640.0719424460106, 102.2301920326477)
(888, 113.66362229103053, 102.34452633523152)
(889, 56.07241379310679, 101.88180520981027)
(890, 56.089473684211754, 101.42388189455428)
(891, 37.17306397306376, 100.78137371533938)
(892, 56.08175182482296, 100.33437749643421)
(893, 41.80909090909033, 99.74912463056077)
(894, 24.022064056939264, 98.99185402482455)
(895, 261.92756183745604, 100.62121110295087)
(896, 53.7937500000008, 100.15293649192137)
(897, 291.9666666666617, 102.07107379366876)
(898, 262.77340067340157, 103.6780970624661)
(899, 300.7940959409575, 105.64925705125101)
(900, 20.622950819671956, 104.79899398893521)
(901, 416.36245847173967, 107.91462863376326)
(902, 274.4756756756759, 109.58023910418238)
(903, 8.901886792452833, 108.57345558106508)
(904, 345.03127035829453, 110.93803372883738)
(905, 565.1522336769465, 115.48017572831847)
(906, 428.24575645755476, 118.60783153561084)
(907, 24.738888888888695, 117.66914210914362)
(908, 421.16263736262107, 120.7040770616784)
(909, 278.1491525423704, 122.27852781648532)
(910, 208.3088235294179, 123.13883077361466)
(911, 281.34026402639853, 124.72084510614249)
(912, 56.055737704921924, 124.03419403213029)
(913, 56.05897435898177, 123.3544418353988)
(914, 257.5962264150926, 124.69685968119575)
(915, 461.7571428571278, 128.06746251295507)
(916, 56.011715481174804, 127.34690504263727)
(917, 361.64368029738756, 129.68987279518478)
(918, 56.05482866044045, 128.95352235383734)
(919, 56.04444444444668, 128.22443157474342)
(920, 298.662264150937, 129.92880990050534)
(921, 314.00547945204636, 131.76957659602076)
(922, 28.921768707482748, 130.74109851713538)
(923, 614.3140350876967, 135.576827882841)
(924, 56.00000000001546, 134.78105960401274)
(925, 300.5387096774123, 136.43863610474673)
(926, 419.8852459016295, 139.27310220271556)
(927, 677.2333333333019, 144.65270451402142)
(928, 398.50872274142085, 147.1912646962954)
(929, 311.90909090908804, 148.83844295842334)
(930, 313.82605863191554, 150.48831911515825)
(931, 345.03559322033317, 152.43379185621)
(932, 432.0589403973404, 155.2300433416213)
(933, 56.045454545456906, 154.23819745365967)
(934, 508.5780821917558, 157.78159630104062)
(935, 56.04814814815175, 156.76426181951174)
(936, 56.02345679013459, 155.75685376921797)
(937, 661.6563176895064, 160.81584840842083)
(938, 56.01764705882432, 159.76786639492485)
(939, 56.082481751829704, 158.7310125484939)
(940, 29.029657794676602, 157.43399900095574)
(941, 56.00681114551418, 156.41972712240133)
(942, 598.3736842105001, 160.83926669328233)
(943, 669.6072164948158, 165.92694619129767)
(944, 360.2090909090849, 167.86976763847557)
(945, 716.7357388315811, 173.35842735040663)
(946, 473.20381679388237, 176.35688124484136)
(947, 74.65769230769483, 175.3398893554699)
(948, 683.5607773851284, 180.42209823576647)
(949, 701.0942652329464, 185.62881990573828)
(950, 361.80327868851646, 187.39056449356605)
(951, 580.79677419353, 191.32462659056569)
(952, 16.810126582278315, 189.5794815904828)
(953, 90.57738853503324, 188.5894606599283)
(954, 375.2692307692235, 190.45625836102124)
(955, 382.64285714284745, 192.3781243488395)
(956, 379.48064516128125, 194.24914955696389)
(957, 56.003583061901224, 192.86669389201325)
(958, 708.033834586437, 198.01836529895746)
(959, 491.5377850162698, 200.95355949613057)
(960, 707.8777777777494, 206.02280167894676)
(961, 678.4805755395361, 210.74737941755265)
(962, 290.3028169014074, 211.5429337923912)
(963, 249.85000000000207, 211.9260044544673)
(964, 56.034013605442084, 210.367084545977)
(965, 30.517263843647996, 208.56858633895374)
(966, 28.37921146953385, 206.76669259025954)
(967, 162.31301369863942, 206.32215580134334)
(968, 735.8226415094049, 211.61716065842396)
(969, 687.5545150501357, 216.37653420234108)
(970, 56.09487179487307, 214.77371757826637)
(971, 56.05805243446051, 213.18656092682832)
(972, 406.9615384615224, 215.12431070217525)
(973, 685.10675241154, 219.8241351192689)
(974, 734.6850340135796, 224.97274410821203)
(975, 56.06394052044887, 223.2836560723344)
(976, 640.7503355704413, 227.45832286731547)
(977, 722.585906040238, 232.4095986990447)
(978, 697.7930693069021, 237.06343340512328)
(979, 663.3473684210245, 241.3262727552823)
(980, 324.4860068259358, 242.15787009598884)
(981, 56.02075471699402, 240.2964989421989)
(982, 774.0376811593942, 245.63391076437082)
(983, 371.0290657439358, 246.88786231416645)
(984, 687.4212624584416, 251.29319631560918)
(985, 741.921739130403, 256.19948174375713)
(986, 250.9326732673276, 256.1468136589928)
(987, 682.1937716262722, 260.4072832386656)
(988, 755.2443686006494, 265.3556540922855)
(989, 479.06270627061264, 267.4927246140687)
(990, 714.4920792078976, 271.962718160007)
(991, 725.7576642335466, 276.50066762074243)
(992, 705.1932203389558, 280.7875931479246)
(993, 55.01958041958025, 278.5299130206412)
(994, 251.87961783439658, 278.26341006877874)
(995, 755.2030651340781, 283.0328066194317)
(996, 56.061073825505446, 280.7630892914924)
(997, 33.71124620060768, 278.29257086058357)
(998, 428.1882352941105, 279.79152750491886)
(999, 512.9999999999859, 282.12361222986954)
(1000, 795.060223048303, 287.2529783380539)
(1001, 46.56206896551693, 284.84606924432853)
(1002, 390.34961832060446, 285.9011047350913)
(1003, 746.122641509407, 290.50332010283444)
(1004, 684.6042801556166, 294.44432970336226)
(1005, 139.83292682927592, 292.8982156746214)
(1006, 796.3274900398187, 297.93250841827336)
(1007, 691.9827988337875, 301.8730113224285)
(1008, 778.7581314878641, 306.64186252408285)
(1009, 298.1305084745731, 306.55674898358774)
(1010, 723.9575342465463, 310.7307568362173)
(1011, 719.3754098360383, 314.81720336621555)
(1012, 465.870175438583, 316.32773308693925)
(1013, 465.3085324231921, 317.8175410803018)
(1014, 751.3898734176959, 322.15326440367573)
(1015, 426.99999999998835, 323.20173175963885)
(1016, 802.9115537848375, 327.99882997989084)
(1017, 746.8529411764388, 332.18737109185633)
(1018, 712.4807017543579, 335.9903043984813)
(1019, 797.8825622775535, 340.60922697727204)
(1020, 643.1665594855099, 343.6348003023544)
(1021, 423.9870967741832, 344.43832326707263)
(1022, 440.88181818180834, 345.40275821622004)
(1023, 322.45987261145694, 345.1733293601724)
(1024, 728.794346289727, 349.00953952946793)
(1025, 798.825278810387, 353.5076969222771)
(1026, 422.9689045936331, 354.20230899899065)
(1027, 312.2671924290191, 353.78295783329094)
(1028, 452.5277777777715, 354.77040603273576)
(1029, 771.4892473118022, 358.93759444552643)
(1030, 299.7132686084107, 358.3453511871553)
(1031, 727.1904458598364, 362.03380213388215)
(1032, 390.23887043188586, 362.31585281686216)
(1033, 789.4366197182785, 366.5870604858763)
(1034, 315.77414965986236, 366.0789313776162)
(1035, 718.5123456789822, 369.60326552062986)
(1036, 789.6036496350092, 373.8032693617737)
(1037, 792.938754325237, 377.9946242114083)
(1038, 304.5738853503126, 377.2604168227973)
(1039, 794.37323943659, 381.4315450489352)
(1040, 791.2258992805472, 385.5294885912513)
(1041, 508.0576271186284, 386.75476997652504)
(1042, 56.0438596491301, 383.44766087325104)
(1043, 345.0649350649315, 383.0638336151678)
(1044, 782.4097560975325, 387.0572928399914)
(1045, 780.899999999973, 390.99571991159127)
(1046, 481.1117647058721, 391.89688035953407)
(1047, 651.6139240506144, 394.49405079644487)
(1048, 793.2851063829548, 398.48196135230995)
(1049, 644.5977346278097, 400.94311908506495)
(1050, 810.6597785977641, 405.0402856801919)
(1051, 786.0090225563648, 408.84997304895364)
(1052, 745.8666666666451, 412.2201399851305)
(1053, 953.7999999999755, 417.63593858527895)
(1054, 797.6513513513211, 421.4360927129394)
(1055, 762.5508771929542, 424.84724055773955)
(1056, 56.020618556703766, 421.1589743377292)
(1057, 798.5780821917524, 424.9331654162694)
(1058, 772.28387096772, 428.4066724717839)
(1059, 820.1441860464935, 432.324047607531)
(1060, 368.3206896551659, 431.6840140280073)
(1061, 922.5999999999755, 436.593173887727)
(1062, 803.9649831649531, 440.2668919804992)
(1063, 367.23146853146244, 439.53653774600883)
(1064, 761.5766773162682, 442.7569391417114)
(1065, 422.5081632652981, 442.55445138294726)
(1066, 786.238461538436, 445.99129148450214)
(1067, 807.3639344262034, 449.60501791391914)
(1068, 670.1828358208737, 451.81079609298865)
(1069, 564.3891050583547, 452.9365791826423)
(1070, 796.6363636363369, 456.37357702717924)
(1071, 822.508633093498, 460.0349275878424)
(1072, 323.8482758620656, 458.6730610705846)
(1073, 728.7270270270004, 461.3736007301488)
(1074, 955.699999999978, 466.3168647228471)
(1075, 726.3254437869564, 468.9169505134882)
(1076, 815.3069930069654, 472.38085093842295)
(1077, 591.8316151202567, 473.5753585802413)
(1078, 260.5302839116704, 471.4449078335556)
(1079, 807.6109634551267, 474.80656838977126)
(1080, 827.6390946501896, 478.33489365237546)
(1081, 354.37975460122766, 477.095342261864)
(1082, 414.1315018314944, 476.46570385756036)
(1083, 270.5333333333321, 474.4063801523181)
(1084, 825.9176470587975, 477.9214928213829)
(1085, 70.76304347826569, 473.8499083279517)
(1086, 456.2364238410513, 473.6737734830827)
(1087, 654.9285714285528, 475.4863214625374)
(1088, 787.154258675054, 478.6030008346625)
(1089, 825.0447470816918, 482.0674182971328)
(1090, 810.965124555135, 485.3563953597128)
(1091, 779.644368600652, 488.2992750921222)
(1092, 804.1666666666445, 491.4579490078674)
(1093, 829.0429118773766, 494.8337986365625)
(1094, 789.0892473118035, 497.7763531233149)
(1095, 935.0999999999734, 502.14958959208144)
(1096, 827.2796812748799, 505.40089050890947)
(1097, 823.4972789115438, 508.5818543929358)
(1098, 657.9420289854897, 510.07545613886134)
(1099, 803.7468085106185, 513.0121696625789)
(1100, 849.0685823754607, 516.3727337897077)
(1101, 54.74358974358939, 511.7564423492465)
(1102, 800.9551839464596, 514.6484297652187)
(1103, 825.188590604, 517.7538313736064)
(1104, 294.48482972136065, 515.521141357084)
(1105, 446.4545454545364, 514.8304753980585)
(1106, 259.130769230768, 512.2734783363856)
(1107, 824.2777408637656, 515.3935209616593)
(1108, 56.074914089349264, 510.80033489293623)
(1109, 796.6259740259441, 513.6585912842663)
(1110, 734.8269961976953, 515.8702753334006)
(1111, 455.5611111110971, 515.2671836911776)
(1112, 324.0509933774795, 513.3550217880406)
(1113, 660.0473684210349, 514.8219452543706)
(1114, 956.4999999999814, 519.2387258018267)
(1115, 829.4436090225298, 522.3407746340338)
(1116, 427.2457680250692, 521.3898245679441)
(1117, 787.6423728813328, 524.0523500510778)
(1118, 945.099999999981, 528.2628265505668)
(1119, 803.8454545454316, 531.0186528305155)
(1120, 409.13242320818154, 529.7997905342921)
(1121, 263.83303834808174, 527.14012301243)
(1122, 803.4999999999799, 529.9037217823055)
(1123, 785.9015576323673, 532.4637001408062)
(1124, 476.7647887323868, 531.906711026722)
(1125, 551.34086378736, 532.1010525543282)
(1126, 791.9830985915246, 534.6998730147002)
(1127, 468.0196319018314, 534.0330706035716)
(1128, 863.2545454545253, 537.3252853520811)
(1129, 313.29283489096304, 535.0849608474699)
(1130, 833.3659932659662, 538.0677711716548)
(1131, 794.1900343642336, 540.6289938035807)
(1132, 810.4699633699428, 543.3274034992443)
(1133, 660.3552238805784, 544.4976817030577)
(1134, 299.370370370369, 542.0464085897307)
(1135, 539.8925925925786, 542.0248704297593)
(1136, 964.9999999999824, 546.2546217254616)
(1137, 969.9999999999854, 550.4920755082068)
(1138, 859.0825278810202, 553.577980031935)
(1139, 818.2921568627157, 556.2251218002428)
(1140, 840.1113360323666, 559.063983942564)
(1141, 300.0981595092, 556.4743256982304)
(1142, 971.5999999999816, 560.6255824412478)
(1143, 833.0219780219578, 563.3495463970548)
(1144, 843.8280898876225, 566.1543318319605)
(1145, 833.2846153845909, 568.8256346674868)
(1146, 815.4727272727011, 571.292105593539)
(1147, 780.0937293729194, 573.3801218313329)
(1148, 848.8788732394112, 576.1351093454136)
(1149, 975.0999999999802, 580.1247582519593)
(1150, 436.56039603959897, 578.6891146298357)
(1151, 779.7511182108334, 580.6997346656457)
(1152, 828.4393501804885, 583.1771308207941)
(1153, 825.3837920488991, 585.5991974330751)
(1154, 963.5999999999779, 589.3792054587441)
(1155, 819.0351681956914, 591.6757650861135)
(1156, 827.1508474576038, 594.0305159098285)
(1157, 840.1626459143791, 596.491837209874)
(1158, 273.92331288343394, 593.2661519666096)
(1159, 251.87961165048563, 589.8522865634484)
(1160, 840.5551724137674, 592.3593154219516)
(1161, 963.9999999999819, 596.075722267732)
(1162, 844.50145985399, 598.5599796435946)
(1163, 283.8333333333313, 595.412713180492)
(1164, 395.7241830065301, 593.4158278787523)
(1165, 847.0845849802207, 595.952515449767)
(1166, 970.1999999999837, 599.6949902952692)
(1167, 847.5539007091993, 602.1735793994086)
(1168, 457.8281786941504, 600.730125392356)
(1169, 50.80216606498174, 595.2308457990822)
(1170, 958.7999999999779, 598.8665373410911)
(1171, 957.2999999999744, 602.45087196768)
(1172, 315.5158054711172, 599.5815213027143)
(1173, 967.4999999999847, 603.260706089687)
(1174, 255.58187919463157, 599.7839178207364)
(1175, 203.32283950617526, 595.8193070375908)
(1176, 853.8069930069709, 598.3991838972845)
(1177, 835.4635738831394, 600.769827797143)
(1178, 803.6375404530487, 602.798504923702)
(1179, 970.7999999999782, 606.4785198744647)
(1180, 602.4937062936943, 606.438671738657)
(1181, 957.4999999999765, 609.9492850212703)
(1182, 970.399999999979, 613.5537921710574)
(1183, 416.9227129337457, 611.5874813786842)
(1184, 978.7999999999809, 615.2596065648971)
(1185, 844.6561403508538, 617.5535719027567)
(1186, 952.6999999999753, 620.9050361837288)
(1187, 843.8640449438002, 623.1346262713296)
(1188, 842.5320158102609, 625.328600166719)
(1189, 977.2999999999784, 628.8483141650515)
(1190, 828.0063291139057, 630.8398943145401)
(1191, 479.605179282856, 629.3275471642231)
(1192, 950.7999999999832, 632.5422716925807)
(1193, 840.5948717948473, 634.6227976936034)
(1194, 963.2999999999766, 637.9095697166672)
(1195, 964.0999999999862, 641.1714740195004)
(1196, 967.1999999999786, 644.4317592793051)
(1197, 834.9940766550307, 646.3373824530623)
(1198, 828.4944444444187, 648.1589530729758)
(1199, 850.9909090908861, 650.1872726331549)
(1200, 827.6085910652669, 651.961485817476)
(1201, 818.1479041915901, 653.6233500012171)
(1202, 832.3387543252419, 655.4105040444574)
(1203, 793.0316455696006, 656.7867154597088)
(1204, 407.6076923076864, 654.2949252281885)
(1205, 959.2999999999772, 657.3449759759063)
(1206, 951.499999999974, 660.286526216147)
(1207, 839.5943661971587, 662.0796046159571)
(1208, 930.699999999982, 664.7658085697973)
(1209, 832.1783972125211, 666.4399344562245)
(1210, 846.9072463767947, 668.2446075754301)
(1211, 836.1280130292873, 669.9234416299687)
(1212, 798.2559440559234, 671.2067666542283)
(1213, 974.499999999984, 674.2396989876859)
(1214, 595.18163265305, 673.4491183243396)
(1215, 597.6588957055087, 672.6912160981512)
(1216, 832.6711864406558, 674.2910158015762)
(1217, 826.607395498368, 675.8141795985441)
(1218, 839.0889679715106, 677.4469274822737)
(1219, 978.8999999999852, 680.4614582074508)
(1220, 846.8301115241433, 682.1251447406178)
(1221, 828.0221843003135, 683.5841151362147)
(1222, 824.8655172413548, 684.9969291572661)
(1223, 776.2878787878535, 685.909838653572)
(1224, 958.5999999999802, 688.6367402670361)
(1225, 798.3259259259069, 689.7336321236248)
(1226, 864.8480620154899, 691.4847764225435)
(1227, 676.7421052631413, 691.3373497109495)
(1228, 853.2475836431025, 692.956452050271)
(1229, 494.74081632651956, 690.9742956930335)
(1230, 957.6999999999824, 693.6415527361029)
(1231, 772.9937293729162, 694.4350745024709)
(1232, 815.6374100719206, 695.6470978581654)
(1233, 296.99815950919816, 691.6606084746757)
(1234, 959.2999999999784, 694.3370023899287)
(1235, 454.6345864661567, 691.9399782306909)
(1236, 972.7999999999766, 694.7485784483838)
(1237, 677.8110091742958, 694.5792027556429)
(1238, 977.4999999999795, 697.4084107280862)
(1239, 802.4163398692527, 698.4584900194978)
(1240, 964.5999999999758, 701.1199051193026)
(1241, 954.199999999979, 703.6507060681095)
(1242, 865.0259842519517, 705.2644588499479)
(1243, 932.2999999999812, 707.5348142614483)
(1244, 839.3297297297042, 708.8527634161309)
(1245, 979.3999999999854, 711.5582357819694)
(1246, 838.2065573770284, 712.8247189979201)
(1247, 56.08441064639128, 706.2573159144048)
(1248, 957.4999999999802, 708.7697427552605)
(1249, 845.4943661971583, 710.1369889896795)
(1250, 454.08271604937494, 707.5764462602765)
(1251, 88.97012578616527, 701.3903830555354)
(1252, 798.7774834436951, 702.364254059417)
(1253, 849.0734082396826, 703.8313456012196)
(1254, 505.3731448763166, 701.8467635939705)
(1255, 982.7999999999885, 704.6562959580307)
(1256, 817.4157894736613, 705.7838908931869)
(1257, 813.3981132075179, 706.8600331163302)
(1258, 826.2090252707416, 708.0535230378742)
(1259, 968.5999999999857, 710.6589878074954)
(1260, 280.14922600619013, 706.3538901894823)
(1261, 977.799999999978, 709.0683512875872)
(1262, 835.3918367346765, 710.3315861420581)
(1263, 851.2814814814603, 711.7410850954521)
(1264, 822.6631578947122, 712.8503058234447)
(1265, 953.5999999999761, 715.25780276521)
(1266, 845.2554817275567, 716.5577795548335)
(1267, 845.0181818181591, 717.8423835774668)
(1268, 824.2115107913453, 718.9060748496056)
(1269, 835.6421052631347, 720.0734351537409)
(1270, 826.5969696969461, 721.1386704991729)
(1271, 822.8154078549555, 722.1554378727308)
(1272, 317.8814696485596, 718.112698190489)
(1273, 851.1056603773413, 719.4426278123576)
(1274, 841.3013698629882, 720.6612152328639)
(1275, 836.4220735785688, 721.818823816321)
(1276, 837.3406779660794, 722.9740423578186)
(1277, 827.8842105262933, 724.0231440395033)
(1278, 969.8999999999835, 726.4819125991081)
(1279, 139.33417508417634, 720.6104352239588)
(1280, 839.3885906040009, 721.7982167777593)
(1281, 976.6999999999874, 724.3472346099816)
(1282, 831.4261648745313, 725.4180239126271)
(1283, 821.5589743589511, 726.3794334170902)
(1284, 975.5999999999852, 728.8716390829192)
(1285, 983.4999999999869, 731.4179226920899)
(1286, 967.3999999999783, 733.7777434651687)
(1287, 968.1999999999769, 736.1219660305168)
(1288, 824.5780821917562, 737.0065271921292)
(1289, 858.4686567163949, 738.2211484873719)
(1290, 818.232450331105, 739.0212615058092)
(1291, 836.5309764309519, 739.9963586550606)
(1292, 985.6999999999873, 742.4533950685098)
(1293, 404.2428571428494, 739.0712896892531)
(1294, 833.5144927536065, 740.0157217198966)
(1295, 828.9099337748171, 740.9046638404459)
(1296, 826.358974358952, 741.7592069456309)
(1297, 826.7655172413557, 742.6092700485882)
(1298, 836.6103942652123, 743.5492812907544)
(1299, 961.4999999999742, 745.7287884778466)
(1300, 821.1362776024998, 746.4828633690931)
(1301, 834.8785467127861, 747.3668202025301)
(1302, 868.2685823754638, 748.5758378242593)
(1303, 835.770967741918, 749.4477891234359)
(1304, 328.2352112676049, 745.2356633448775)
(1305, 845.2494584837393, 746.2358012962661)
(1306, 861.3369963369782, 747.3868132466732)
(1307, 354.5300859598816, 743.4582459738053)
(1308, 974.9999999999851, 745.7736635140672)
(1309, 129.161940298512, 739.6075462819116)
(1310, 979.4999999999831, 742.0064708190923)
(1311, 342.1184290030158, 738.0075904009316)
(1312, 970.1999999999782, 740.329514496922)
(1313, 842.2362776025036, 741.3485821279778)
(1314, 793.0725490195834, 741.8658217968939)
(1315, 616.8608695652049, 740.615772274577)
(1316, 982.699999999979, 743.036614551831)
(1317, 864.0686567163958, 744.2469349734766)
(1318, 333.44092409240426, 740.1388748646659)
(1319, 836.9771812080286, 741.1072579280996)
(1320, 968.1999999999848, 743.3781853488184)
(1321, 606.2542372881226, 742.0069458682115)
(1322, 845.6481228668683, 743.0433576381981)
(1323, 820.157337883933, 743.8144974406555)
(1324, 812.4922077921838, 744.5012745441708)
(1325, 518.4485530546494, 742.2407473292756)
(1326, 825.3534246575116, 743.0718741025579)
(1327, 290.31773049645216, 738.5443326664969)
(1328, 837.9597785977686, 739.5384871258096)
(1329, 513.79999999999, 737.2811022545515)
(1330, 859.0298892988772, 738.4985901249947)
(1331, 749.8169278996627, 738.6117735027415)
(1332, 837.8586206896308, 739.6042419746104)
(1333, 835.6611464967871, 740.5648110198322)
(1334, 958.4999999999841, 742.7441629096337)
(1335, 832.7915254237092, 743.6446365347743)
(1336, 857.9918367346738, 744.7881085367734)
(1337, 862.9328244274657, 745.9695556956804)
(1338, 825.066666666647, 746.76052680539)
(1339, 974.7999999999778, 749.0409215373359)
(1340, 825.5996309962931, 749.8065086319255)
(1341, 835.1956112852384, 750.6603996584586)
(1342, 970.8999999999778, 752.8627956618739)
(1343, 959.5999999999773, 754.9301677052549)
(1344, 462.6243243243149, 752.0071092714455)
(1345, 826.9133550488317, 752.7561717292193)
(1346, 976.4999999999806, 754.9936100119269)
(1347, 847.1788519637178, 755.9154624314448)
(1348, 840.0591695501549, 756.7568995026319)
(1349, 978.6999999999866, 758.9763305076054)
(1350, 970.5999999999768, 761.0925672025292)
(1351, 956.2999999999734, 763.0446415305037)
(1352, 683.2535947712232, 762.2467310629108)
(1353, 832.5365558912096, 762.9496293111938)
(1354, 803.643260188062, 763.3565656199625)
(1355, 861.077992277969, 764.3337798865425)
(1356, 396.060869565212, 760.6510507833292)
(1357, 974.1999999999775, 762.7865402754957)
(1358, 21.061538461538294, 755.369290257356)
(1359, 836.3749999999785, 756.1793473547823)
(1360, 962.2999999999834, 758.2405538812343)
(1361, 974.1999999999794, 760.4001483424217)
(1362, 811.2996845425655, 760.9091437044232)
(1363, 770.753054662361, 761.0075828140026)
(1364, 846.1220735785699, 761.8587277216483)
(1365, 975.1999999999861, 763.9921404444316)
(1366, 557.9780701754268, 761.9319997417416)
(1367, 982.5999999999794, 764.138679744324)
(1368, 966.1999999999848, 766.1592929468806)
(1369, 826.8305637981975, 766.7660056553937)
(1370, 433.9674911660721, 763.4380205105005)
(1371, 8.98233438485809, 755.893463649244)
(1372, 265.48064516128863, 750.9893354643644)
(1373, 15.68275862068948, 743.6362696959277)
(1374, 853.1115107913447, 744.7310221068819)
(1375, 862.8812030074956, 745.9125239158881)
(1376, 485.8641791044683, 743.3120404677738)
(1377, 978.3999999999829, 745.662920063096)
(1378, 961.4999999999787, 747.8212908624648)
(1379, 963.09999999998, 749.9740779538399)
(1380, 975.4999999999819, 752.2293371743012)
(1381, 969.6999999999772, 754.404043802558)
(1382, 987.8999999999852, 756.7390033645323)
(1383, 965.5999999999776, 758.8276133308867)
(1384, 321.170903010031, 754.4510462276781)
(1385, 969.7999999999766, 756.6045357654011)
(1386, 964.0999999999752, 758.6794904077468)
(1387, 977.8999999999847, 760.8716955036692)
(1388, 600.7074074073922, 759.2700526227064)
(1389, 542.1392638036705, 757.098744734516)
(1390, 850.0176470588004, 758.0279337577589)
(1391, 863.0470588235062, 759.0781250084164)
(1392, 977.1999999999778, 761.259343758332)
(1393, 562.8893617021206, 759.2756439377698)
(1394, 831.3181818181538, 759.9960693165737)
(1395, 968.5999999999859, 762.0821086234077)
(1396, 792.6152866241796, 762.3874404034154)
(1397, 828.5181818181535, 763.0487478175628)
(1398, 820.3154929577188, 763.6214152689644)
(1399, 860.1285714285488, 764.5864868305603)
(1400, 12.018443804034508, 757.0608064002951)
(1401, 832.6499999999776, 757.8166983362919)
(1402, 968.9999999999762, 759.9285313529286)
(1403, 28.181102362204477, 752.6110570630213)
(1404, 971.3999999999764, 754.7989464923909)
(1405, 852.4774834436921, 755.7757318619039)
(1406, 973.1999999999788, 757.9499745432846)
(1407, 849.2220735785704, 758.8626955336375)
(1408, 848.3840579709981, 759.7579091580111)
(1409, 510.7415094339468, 757.2677451607705)
(1410, 692.0869565217198, 756.61593727438)
(1411, 133.56150159744956, 750.3853929176107)
(1412, 409.7740181268764, 746.9792791697034)
(1413, 338.64301075268367, 742.8959164855332)
(1414, 968.4999999999845, 745.1519573206778)
(1415, 56.08278145695502, 738.2612655620404)
(1416, 811.3840390879179, 738.9924932972992)
(1417, 849.2470383275053, 740.0950387476013)
(1418, 17.06153846153824, 732.8647037447407)
(1419, 957.1999999999812, 735.108056707293)
(1420, 510.7194244604211, 732.8641703848243)
(1421, 17.233333333333178, 725.7078620143094)
(1422, 981.0999999999802, 728.2617833941661)
(1423, 601.2854671280197, 726.9920202315046)
(1424, 670.920338983034, 726.43130341902)
(1425, 835.9536585365584, 727.5265269701954)
(1426, 980.6999999999879, 730.0582617004933)
(1427, 751.897897897874, 730.2766580624672)
(1428, 971.4999999999859, 732.6888914818422)
(1429, 737.1980707395296, 732.7339832744191)
(1430, 973.3999999999785, 735.1406434416747)
(1431, 870.0832061068542, 736.4900690683265)
(1432, 969.4999999999794, 738.8201683776431)
(1433, 265.48064516128846, 734.0867731454796)
(1434, 932.1999999999802, 736.0679054140246)
(1435, 849.7160305343347, 737.2043866652276)
(1436, 839.3986798679689, 738.226329597255)
(1437, 815.5263157894515, 738.999329459177)
(1438, 978.7999999999785, 741.397336164585)
(1439, 737.370129870107, 741.3570641016403)
(1440, 988.6999999999884, 743.8304934606236)
(1441, 502.3055944055867, 741.4152444700733)
(1442, 837.1542056074472, 742.3726340814469)
(1443, 977.3999999999837, 744.7229077406323)
(1444, 654.4394495412641, 743.8200731586387)
(1445, 843.115770609295, 744.8130301331452)
(1446, 266.87647058823774, 740.033664537696)
(1447, 965.8999999999781, 742.2923278923189)
(1448, 672.0101910827761, 741.5895065242235)
(1449, 979.999999999987, 743.973611458981)
(1450, 964.1999999999774, 746.1758753443911)
(1451, 853.4833333333075, 747.2489499242802)
(1452, 861.1397923875273, 748.3878583489127)
(1453, 971.7999999999782, 750.6219797654232)
(1454, 967.2999999999781, 752.7887599677688)
(1455, 784.0909090908978, 753.1017814590001)
(1456, 749.060655737684, 753.061370201787)
(1457, 571.5633540372481, 751.2463900401416)
(1458, 573.1272997032515, 749.4651991367728)
(1459, 962.5999999999748, 751.5965471454048)
(1460, 830.0389408099388, 752.3809710820501)
(1461, 941.4999999999785, 754.2721613712293)